Alpha,Probability
7,[[-0.14906581 -0.20634963  2.30796082 -1.13818791  0.6978284  -0.35959237
   0.75254867]
 [ 0.29140426 -0.44846549  0.70003022 -1.76939648 -0.86690493  0.33570411
   1.25140486]],0.001,0.0
7,[[ 2.87833333 -1.3027547   0.80854349  1.03335466 -0.2072706  -0.93982466
  -1.2327947 ]
 [ 0.65903877 -0.39422916  1.01720777  1.13261461 -1.87372315 -0.7712189
   0.34571163]],0.002,0.0
7,[[ 1.6176428  -1.34773283 -0.04173869  0.58688195 -0.0942377   0.08790083
  -2.06393831]
 [ 1.85775034 -1.32501791  0.11814584  0.50306426  0.3326248   0.6144333
  -0.89645794]],0.003,0.0
